Webots Project File version R2021b
perspectives: 000000ff00000000fd00000002000000010000020800000233fc0200000001fb0000001400540065007800740045006400690074006f00720100000015000002330000009d00ffffff00000003000005560000005ffc0100000001fb0000001a0043006f006e0073006f006c00650041006c006c0041006c006c0100000000000005560000005400ffffff000003480000023300000001000000020000000100000008fc00000000
simulationViewPerspectives: 000000ff000000010000000200000118000003710100000006010000000100
sceneTreePerspectives: 000000ff0000000100000002000000c0000000fc0100000006010000000200
minimizedPerspectives: 000000ff00000000fd000000030000000000000188000003f8fc0100000001fb0000001e00480074006d006c0052006f0062006f007400570069006e0064006f0077000000000000000188000000000000000000000001000003560000031cfc0200000001fb0000001400540065007800740045006400690074006f007201000000150000031c0000008700ffffff0000000300000780000000dafc0100000001fb0000001a0043006f006e0073006f006c00650041006c006c0041006c006c0100000000000007800000006900ffffff000004280000031c00000001000000020000000100000008fc00000000
maximizedDockId: -1
centralWidgetVisible: 1
orthographicViewHeight: 1
textFiles: 0 "controllers/my_controller/my_controller.py"
globalOptionalRendering: DistanceSensorRays::LidarRaysPaths::LidarPointClouds::CoordinateSystem
consoles: Console:All:All
renderingDevicePerspectives: e-puck:camera;0;1.97436;0;0.124753
renderingDevicePerspectives: e-puck:camera_1;1;0.1416;0;0
